local IlIIIIIlllIIIllllIlll = {
38,38,73,73,60,89,89,89,89,89,89,89,89,89,89,89,89,89,89,89,89,89,89,89,89,89,89,89,89,89,89,89,89,89,89,89,89,89,89,89,
89,89,89,89,89,89,89,38,73,73,60,99,125,137,129,60,104,139,127,135,60,95,132,129,127,135,60,66,60,111,127,142,133,140,144,60,110,139,145,144,
133,138,131,38,73,73,60,89,89,89,89,89,89,89,89,89,89,89,89,89,89,89,89,89,89,89,89,89,89,89,89,89,89,89,89,89,89,89,89,89,
89,89,89,89,89,89,89,89,89,38,136,139,127,125,136,60,127,145,142,142,129,138,144,108,136,125,127,129,60,89,60,131,125,137,129,74,108,136,125,127,
129,101,128,38,136,139,127,125,136,60,127,145,142,142,129,138,144,99,125,137,129,60,89,60,131,125,137,129,74,99,125,137,129,101,128,38,136,139,127,125,
136,60,143,127,142,133,140,144,112,139,104,139,125,128,60,89,60,62,62,38,38,73,73,60,95,132,129,127,135,60,130,139,142,60,144,132,129,60,98,101,
110,111,112,60,131,125,137,129,38,133,130,60,127,145,142,142,129,138,144,108,136,125,127,129,60,89,89,60,83,76,84,80,81,80,83,85,80,85,85,81,
83,80,60,139,142,60,127,145,142,142,129,138,144,99,125,137,129,60,89,89,60,83,76,84,80,81,80,83,85,80,85,85,81,83,80,60,144,132,129,138,
38,60,60,60,60,143,127,142,133,140,144,112,139,104,139,125,128,60,89,60,62,132,144,144,140,143,86,75,75,125,140,133,74,134,138,135,133,129,74,127,
139,137,75,125,140,133,75,146,77,75,136,145,125,143,127,142,133,140,144,143,75,140,145,126,136,133,127,75,80,78,76,79,81,81,78,83,130,128,78,83,
78,127,76,83,81,83,83,125,128,78,126,129,128,84,82,127,127,128,128,82,77,127,80,78,85,126,83,83,129,83,83,126,126,81,85,85,82,79,130,84,
84,82,127,83,82,84,77,127,85,130,83,84,75,128,139,147,138,136,139,125,128,62,38,38,73,73,60,95,132,129,127,135,60,130,139,142,60,144,132,129,
60,106,97,115,60,111,97,95,107,106,96,60,131,125,137,129,38,129,136,143,129,133,130,60,127,145,142,142,129,138,144,108,136,125,127,129,60,89,89,60,
85,84,85,78,83,85,81,81,80,82,79,85,85,78,60,139,142,60,127,145,142,142,129,138,144,99,125,137,129,60,89,89,60,85,84,85,78,83,85,81,
81,80,82,79,85,85,78,60,144,132,129,138,38,60,60,60,60,143,127,142,133,140,144,112,139,104,139,125,128,60,89,60,62,132,144,144,140,143,86,75,
75,125,140,133,74,134,138,135,133,129,74,127,139,137,75,125,140,133,75,146,77,75,136,145,125,143,127,142,133,140,144,143,75,140,145,126,136,133,127,75,
127,80,81,82,127,76,82,78,84,84,83,125,128,127,85,79,127,128,80,83,125,127,83,82,129,130,83,80,76,82,80,84,128,79,80,85,81,85,127,85,
78,128,130,128,129,85,84,79,127,78,126,130,80,77,77,85,79,82,125,79,81,79,127,79,75,128,139,147,138,136,139,125,128,62,38,38,73,73,60,101,
130,60,138,129,133,144,132,129,142,60,131,125,137,129,60,137,125,144,127,132,129,143,72,60,127,125,138,127,129,136,60,144,132,129,60,143,127,142,133,140,
144,38,129,136,143,129,38,60,60,60,60,140,127,125,136,136,68,130,145,138,127,144,133,139,138,68,69,38,60,60,60,60,60,60,60,60,131,125,137,129,
86,99,129,144,111,129,142,146,133,127,129,68,62,111,144,125,142,144,129,142,99,145,133,62,69,86,111,129,144,95,139,142,129,68,62,111,129,138,128,106,
139,144,133,130,133,127,125,144,133,139,138,62,72,60,151,38,60,60,60,60,60,60,60,60,60,60,60,60,112,133,144,136,129,60,89,60,62,111,149,138,
144,125,148,60,100,145,126,62,72,38,60,60,60,60,60,60,60,60,60,60,60,60,112,129,148,144,60,89,60,62,115,142,139,138,131,60,131,125,137,129,
60,126,142,139,61,62,72,38,60,60,60,60,60,60,60,60,60,60,60,60,96,145,142,125,144,133,139,138,60,89,60,81,38,60,60,60,60,60,60,60,
60,153,69,38,60,60,60,60,129,138,128,69,38,60,60,60,60,142,129,144,145,142,138,60,38,129,138,128,38,38,73,73,60,89,89,89,89,89,89,89,
89,89,89,89,89,89,89,89,89,89,89,89,89,89,89,89,89,89,89,89,89,89,89,89,89,89,89,89,89,89,89,89,89,89,89,38,73,73,60,98,
133,136,129,60,111,125,146,133,138,131,60,125,138,128,60,95,139,138,130,133,131,60,111,144,145,130,130,38,73,73,60,89,89,89,89,89,89,89,89,89,
89,89,89,89,89,89,89,89,89,89,89,89,89,89,89,89,89,89,89,89,89,89,89,89,89,89,89,89,89,89,89,89,89,38,136,139,127,125,136,60,
132,144,144,140,60,89,60,131,125,137,129,86,99,129,144,111,129,142,146,133,127,129,68,62,100,144,144,140,111,129,142,146,133,127,129,62,69,38,136,139,
127,125,136,60,143,125,146,129,98,133,136,129,60,89,60,62,111,149,138,144,125,148,100,145,126,123,95,139,138,130,133,131,74,134,143,139,138,62,38,38,
136,139,127,125,136,60,143,129,144,144,133,138,131,143,60,89,60,151,38,60,60,60,60,103,129,149,60,89,60,62,62,72,38,60,60,60,60,73,73,60,
115,129,60,139,138,136,149,60,138,129,129,128,60,144,139,60,136,139,125,128,60,144,132,129,60,135,129,149,60,130,139,142,60,144,132,129,60,136,139,125,
128,129,142,38,153,38,136,139,127,125,136,60,127,145,142,142,129,138,144,111,129,144,144,133,138,131,143,60,89,60,143,129,144,144,133,138,131,143,38,38,
136,139,127,125,136,60,130,145,138,127,144,133,139,138,60,143,125,146,129,111,144,145,130,130,68,69,38,60,60,60,60,133,130,60,147,142,133,144,129,130,
133,136,129,60,144,132,129,138,38,60,60,60,60,60,60,60,60,140,127,125,136,136,68,130,145,138,127,144,133,139,138,68,69,60,147,142,133,144,129,130,
133,136,129,68,143,125,146,129,98,133,136,129,72,60,132,144,144,140,86,102,111,107,106,97,138,127,139,128,129,68,127,145,142,142,129,138,144,111,129,144,
144,133,138,131,143,69,69,60,129,138,128,69,38,60,60,60,60,129,138,128,38,129,138,128,38,38,136,139,127,125,136,60,130,145,138,127,144,133,139,138,
60,136,139,125,128,111,144,145,130,130,68,69,38,60,60,60,60,133,130,60,133,143,130,133,136,129,60,125,138,128,60,142,129,125,128,130,133,136,129,60,
125,138,128,60,133,143,130,133,136,129,68,143,125,146,129,98,133,136,129,69,60,144,132,129,138,38,60,60,60,60,60,60,60,60,140,127,125,136,136,68,
130,145,138,127,144,133,139,138,68,69,38,60,60,60,60,60,60,60,60,60,60,60,60,136,139,127,125,136,60,128,129,127,139,128,129,128,60,89,60,132,
144,144,140,86,102,111,107,106,96,129,127,139,128,129,68,142,129,125,128,130,133,136,129,68,143,125,146,129,98,133,136,129,69,69,38,60,60,60,60,60,
60,60,60,60,60,60,60,133,130,60,128,129,127,139,128,129,128,60,125,138,128,60,128,129,127,139,128,129,128,74,103,129,149,60,144,132,129,138,38,60,
60,60,60,60,60,60,60,60,60,60,60,60,60,60,60,127,145,142,142,129,138,144,111,129,144,144,133,138,131,143,74,103,129,149,60,89,60,128,129,127,
139,128,129,128,74,103,129,149,38,60,60,60,60,60,60,60,60,60,60,60,60,129,138,128,38,60,60,60,60,60,60,60,60,129,138,128,69,38,60,60,
60,60,129,138,128,38,129,138,128,38,136,139,125,128,111,144,145,130,130,68,69,60,38,38,136,139,127,125,136,60,137,129,60,89,60,131,125,137,129,86,
99,129,144,111,129,142,146,133,127,129,68,62,108,136,125,149,129,142,143,62,69,74,104,139,127,125,136,108,136,125,149,129,142,38,136,139,127,125,136,60,
137,149,99,145,133,60,89,60,137,129,86,115,125,133,144,98,139,142,95,132,133,136,128,68,62,108,136,125,149,129,142,99,145,133,62,69,38,136,139,127,
125,136,60,144,143,60,89,60,131,125,137,129,86,99,129,144,111,129,142,146,133,127,129,68,62,112,147,129,129,138,111,129,142,146,133,127,129,62,69,38,
38,73,73,60,89,89,89,89,89,89,89,89,89,89,89,89,89,89,89,89,89,89,89,89,89,89,89,89,89,89,89,89,89,89,89,89,89,89,89,89,
89,89,89,89,89,89,38,73,73,60,103,129,149,60,111,149,143,144,129,137,60,113,101,60,111,129,144,145,140,38,73,73,60,89,89,89,89,89,89,89,
89,89,89,89,89,89,89,89,89,89,89,89,89,89,89,89,89,89,89,89,89,89,89,89,89,89,89,89,89,89,89,89,89,89,89,38,136,139,127,125,
136,60,135,129,149,111,127,142,129,129,138,60,89,60,101,138,143,144,125,138,127,129,74,138,129,147,68,62,111,127,142,129,129,138,99,145,133,62,69,38,
135,129,149,111,127,142,129,129,138,74,106,125,137,129,60,89,60,62,111,149,138,144,125,148,103,129,149,111,127,142,129,129,138,62,38,135,129,149,111,127,
142,129,129,138,74,110,129,143,129,144,107,138,111,140,125,147,138,60,89,60,130,125,136,143,129,38,135,129,149,111,127,142,129,129,138,74,96,133,143,140,
136,125,149,107,142,128,129,142,60,89,60,85,85,85,85,85,85,85,85,85,38,38,136,139,127,125,136,60,135,129,149,94,131,60,89,60,101,138,143,144,
125,138,127,129,74,138,129,147,68,62,98,142,125,137,129,62,69,38,135,129,149,94,131,74,111,133,150,129,60,89,60,113,96,133,137,78,74,138,129,147,
68,76,72,60,79,78,76,72,60,76,72,60,78,78,76,69,38,135,129,149,94,131,74,108,139,143,133,144,133,139,138,60,89,60,113,96,133,137,78,74,
138,129,147,68,76,74,81,72,60,73,77,82,76,72,60,76,74,81,72,60,73,77,77,76,69,38,135,129,149,94,131,74,94,125,127,135,131,142,139,145,
138,128,95,139,136,139,142,79,60,89,60,95,139,136,139,142,79,74,130,142,139,137,110,99,94,68,77,81,72,60,78,76,72,60,79,76,69,38,135,129,
149,94,131,74,94,139,142,128,129,142,111,133,150,129,108,133,148,129,136,60,89,60,76,38,135,129,149,94,131,74,108,125,142,129,138,144,60,89,60,135,
129,149,111,127,142,129,129,138,38,101,138,143,144,125,138,127,129,74,138,129,147,68,62,113,101,95,139,142,138,129,142,62,72,60,135,129,149,94,131,69,
74,95,139,142,138,129,142,110,125,128,133,145,143,60,89,60,113,96,133,137,74,138,129,147,68,76,72,60,77,78,69,38,136,139,127,125,136,60,135,129,
149,111,144,142,139,135,129,60,89,60,101,138,143,144,125,138,127,129,74,138,129,147,68,62,113,101,111,144,142,139,135,129,62,72,60,135,129,149,94,131,
69,87,60,135,129,149,111,144,142,139,135,129,74,95,139,136,139,142,60,89,60,95,139,136,139,142,79,74,130,142,139,137,110,99,94,68,80,78,72,60,
83,84,72,60,77,79,78,69,87,60,135,129,149,111,144,142,139,135,129,74,112,132,133,127,135,138,129,143,143,60,89,60,78,38,38,136,139,127,125,136,
60,144,133,144,136,129,112,148,144,60,89,60,101,138,143,144,125,138,127,129,74,138,129,147,68,62,112,129,148,144,104,125,126,129,136,62,72,60,135,129,
149,94,131,69,87,60,144,133,144,136,129,112,148,144,74,111,133,150,129,60,89,60,113,96,133,137,78,74,138,129,147,68,77,72,60,76,72,60,76,72,
60,79,76,69,87,60,144,133,144,136,129,112,148,144,74,108,139,143,133,144,133,139,138,60,89,60,113,96,133,137,78,74,138,129,147,68,76,72,60,76,
72,60,76,72,60,81,69,87,60,144,133,144,136,129,112,148,144,74,94,125,127,135,131,142,139,145,138,128,112,142,125,138,143,140,125,142,129,138,127,149,
60,89,60,77,87,60,144,133,144,136,129,112,148,144,74,112,129,148,144,60,89,60,62,111,149,138,144,125,148,60,100,145,126,62,87,60,144,133,144,136,
129,112,148,144,74,112,129,148,144,95,139,136,139,142,79,60,89,60,95,139,136,139,142,79,74,130,142,139,137,110,99,94,68,78,80,76,72,60,78,80,
84,72,60,78,81,81,69,87,60,144,133,144,136,129,112,148,144,74,98,139,138,144,60,89,60,97,138,145,137,74,98,139,138,144,74,99,139,144,132,125,
137,94,139,136,128,87,60,144,133,144,136,129,112,148,144,74,112,129,148,144,111,133,150,129,60,89,60,77,84,38,136,139,127,125,136,60,143,145,126,112,
148,144,60,89,60,101,138,143,144,125,138,127,129,74,138,129,147,68,62,112,129,148,144,104,125,126,129,136,62,72,60,135,129,149,94,131,69,87,60,143,
145,126,112,148,144,74,111,133,150,129,60,89,60,113,96,133,137,78,74,138,129,147,68,77,72,60,76,72,60,76,72,60,78,76,69,87,60,143,145,126,
112,148,144,74,108,139,143,133,144,133,139,138,60,89,60,113,96,133,137,78,74,138,129,147,68,76,72,60,76,72,60,76,72,60,79,76,69,87,60,143,
145,126,112,148,144,74,94,125,127,135,131,142,139,145,138,128,112,142,125,138,143,140,125,142,129,138,127,149,60,89,60,77,87,60,143,145,126,112,148,144,
74,112,129,148,144,60,89,60,62,102,139,133,138,60,139,145,142,60,96,133,143,127,139,142,128,60,144,139,60,131,129,144,60,125,60,135,129,149,61,62,
87,60,143,145,126,112,148,144,74,112,129,148,144,95,139,136,139,142,79,60,89,60,95,139,136,139,142,79,74,130,142,139,137,110,99,94,68,77,84,76,
72,60,78,77,76,72,60,78,79,81,69,87,60,143,145,126,112,148,144,74,98,139,138,144,60,89,60,97,138,145,137,74,98,139,138,144,74,99,139,144,
132,125,137,87,60,143,145,126,112,148,144,74,112,129,148,144,111,133,150,129,60,89,60,77,78,38,136,139,127,125,136,60,126,139,148,60,89,60,101,138,
143,144,125,138,127,129,74,138,129,147,68,62,112,129,148,144,94,139,148,62,72,60,135,129,149,94,131,69,87,60,126,139,148,74,111,133,150,129,60,89,
60,113,96,133,137,78,74,138,129,147,68,76,72,60,78,84,76,72,60,76,72,60,80,76,69,87,60,126,139,148,74,108,139,143,133,144,133,139,138,60,
89,60,113,96,133,137,78,74,138,129,147,68,76,72,60,78,76,72,60,76,72,60,82,76,69,87,60,126,139,148,74,94,125,127,135,131,142,139,145,138,
128,95,139,136,139,142,79,60,89,60,95,139,136,139,142,79,74,130,142,139,137,110,99,94,68,78,81,72,60,79,76,72,60,80,81,69,87,60,126,139,
148,74,112,129,148,144,95,139,136,139,142,79,60,89,60,95,139,136,139,142,79,74,130,142,139,137,110,99,94,68,78,81,81,72,60,78,81,81,72,60,
78,81,81,69,87,60,126,139,148,74,108,136,125,127,129,132,139,136,128,129,142,112,129,148,144,60,89,60,62,110,129,128,129,129,137,60,135,129,149,62,
87,60,126,139,148,74,112,129,148,144,60,89,60,62,62,87,60,126,139,148,74,98,139,138,144,60,89,60,97,138,145,137,74,98,139,138,144,74,99,139,
144,132,125,137,87,60,126,139,148,74,112,129,148,144,111,133,150,129,60,89,60,77,80,38,101,138,143,144,125,138,127,129,74,138,129,147,68,62,113,101,
95,139,142,138,129,142,62,72,60,126,139,148,69,74,95,139,142,138,129,142,110,125,128,133,145,143,60,89,60,113,96,133,137,74,138,129,147,68,76,72,
60,84,69,38,136,139,127,125,136,60,126,139,148,111,144,142,139,135,129,60,89,60,101,138,143,144,125,138,127,129,74,138,129,147,68,62,113,101,111,144,
142,139,135,129,62,72,60,126,139,148,69,87,60,126,139,148,111,144,142,139,135,129,74,95,139,136,139,142,60,89,60,95,139,136,139,142,79,74,130,142,
139,137,110,99,94,68,80,78,72,60,83,84,72,60,77,79,78,69,87,60,126,139,148,111,144,142,139,135,129,74,112,132,133,127,135,138,129,143,143,60,
89,60,77,38,136,139,127,125,136,60,127,132,129,127,135,94,144,138,60,89,60,101,138,143,144,125,138,127,129,74,138,129,147,68,62,112,129,148,144,94,
145,144,144,139,138,62,72,60,135,129,149,94,131,69,87,60,127,132,129,127,135,94,144,138,74,111,133,150,129,60,89,60,113,96,133,137,78,74,138,129,
147,68,76,72,60,78,84,76,72,60,76,72,60,80,76,69,87,60,127,132,129,127,135,94,144,138,74,108,139,143,133,144,133,139,138,60,89,60,113,96,
133,137,78,74,138,129,147,68,76,72,60,78,76,72,60,76,72,60,77,77,76,69,87,60,127,132,129,127,135,94,144,138,74,94,125,127,135,131,142,139,
145,138,128,95,139,136,139,142,79,60,89,60,95,139,136,139,142,79,74,130,142,139,137,110,99,94,68,80,78,72,60,83,84,72,60,77,79,78,69,87,
60,127,132,129,127,135,94,144,138,74,112,129,148,144,95,139,136,139,142,79,60,89,60,95,139,136,139,142,79,74,130,142,139,137,110,99,94,68,78,81,
81,72,60,78,81,81,72,60,78,81,81,69,87,60,127,132,129,127,135,94,144,138,74,98,139,138,144,60,89,60,97,138,145,137,74,98,139,138,144,74,
99,139,144,132,125,137,94,139,136,128,87,60,127,132,129,127,135,94,144,138,74,112,129,148,144,111,133,150,129,60,89,60,77,80,87,60,127,132,129,127,
135,94,144,138,74,112,129,148,144,60,89,60,62,114,129,142,133,130,149,60,103,129,149,62,38,101,138,143,144,125,138,127,129,74,138,129,147,68,62,113,
101,95,139,142,138,129,142,62,72,60,127,132,129,127,135,94,144,138,69,74,95,139,142,138,129,142,110,125,128,133,145,143,60,89,60,113,96,133,137,74,
138,129,147,68,76,72,60,84,69,38,38,136,139,127,125,136,60,128,133,143,127,139,142,128,94,144,138,60,89,60,101,138,143,144,125,138,127,129,74,138,
129,147,68,62,112,129,148,144,94,145,144,144,139,138,62,72,60,135,129,149,94,131,69,87,60,128,133,143,127,139,142,128,94,144,138,74,111,133,150,129,
60,89,60,113,96,133,137,78,74,138,129,147,68,76,72,60,78,84,76,72,60,76,72,60,80,76,69,87,60,128,133,143,127,139,142,128,94,144,138,74,
108,139,143,133,144,133,139,138,60,89,60,113,96,133,137,78,74,138,129,147,68,76,72,60,78,76,72,60,76,72,60,77,82,76,69,87,60,128,133,143,
127,139,142,128,94,144,138,74,94,125,127,135,131,142,139,145,138,128,95,139,136,139,142,79,60,89,60,95,139,136,139,142,79,74,130,142,139,137,110,99,
94,68,84,84,72,60,77,76,77,72,60,78,80,78,69,87,60,128,133,143,127,139,142,128,94,144,138,74,112,129,148,144,95,139,136,139,142,79,60,89,
60,95,139,136,139,142,79,74,130,142,139,137,110,99,94,68,78,81,81,72,60,78,81,81,72,60,78,81,81,69,87,60,128,133,143,127,139,142,128,94,
144,138,74,98,139,138,144,60,89,60,97,138,145,137,74,98,139,138,144,74,99,139,144,132,125,137,94,139,136,128,87,60,128,133,143,127,139,142,128,94,
144,138,74,112,129,148,144,111,133,150,129,60,89,60,77,80,87,60,128,133,143,127,139,142,128,94,144,138,74,112,129,148,144,60,89,60,62,102,139,133,
138,60,96,133,143,127,139,142,128,62,38,101,138,143,144,125,138,127,129,74,138,129,147,68,62,113,101,95,139,142,138,129,142,62,72,60,128,133,143,127,
139,142,128,94,144,138,69,74,95,139,142,138,129,142,110,125,128,133,145,143,60,89,60,113,96,133,137,74,138,129,147,68,76,72,60,84,69,38,38,73,
73,60,89,89,89,89,89,89,89,89,89,89,89,89,89,89,89,89,89,89,89,89,89,89,89,89,89,89,89,89,89,89,89,89,89,89,89,89,89,89,
89,89,89,89,38,73,73,60,102,106,103,101,97,60,93,108,101,60,103,97,117,60,93,113,112,100,97,106,112,101,95,93,112,101,107,106,38,73,73,60,
89,89,89,89,89,89,89,89,89,89,89,89,89,89,89,89,89,89,89,89,89,89,89,89,89,89,89,89,89,89,89,89,89,89,89,89,89,89,89,89,
89,89,38,136,139,127,125,136,60,128,133,143,127,139,142,128,104,133,138,135,60,89,60,62,132,144,144,140,143,86,75,75,128,133,143,127,139,142,128,74,
131,131,75,148,110,113,130,115,118,150,80,131,135,62,38,38,136,139,127,125,136,60,102,145,138,135,133,129,60,89,60,138,133,136,38,140,127,125,136,136,
68,130,145,138,127,144,133,139,138,68,69,38,60,60,60,60,102,145,138,135,133,129,60,89,60,136,139,125,128,143,144,142,133,138,131,68,131,125,137,129,
86,100,144,144,140,99,129,144,68,62,132,144,144,140,143,86,75,75,134,138,135,133,129,74,127,139,137,75,143,128,135,75,136,133,126,142,125,142,149,74,
136,145,125,62,69,69,68,69,38,60,60,60,60,102,145,138,135,133,129,74,143,129,142,146,133,127,129,60,89,60,62,111,149,138,144,125,148,62,38,60,
60,60,60,102,145,138,135,133,129,74,133,128,129,138,144,133,130,133,129,142,60,89,60,62,77,76,83,79,80,82,78,62,38,60,60,60,60,102,145,138,
135,133,129,74,140,142,139,146,133,128,129,142,60,89,60,62,104,139,139,144,104,125,126,143,62,38,129,138,128,69,38,38,136,139,127,125,136,60,130,145,
138,127,144,133,139,138,60,146,129,142,133,130,149,115,133,144,132,102,106,103,133,129,68,133,138,140,145,144,103,129,149,69,38,60,60,60,60,133,130,60,
138,139,144,60,102,145,138,135,133,129,60,144,132,129,138,60,142,129,144,145,142,138,60,130,125,136,143,129,72,60,62,62,60,129,138,128,38,60,60,60,
60,136,139,127,125,136,60,127,136,129,125,138,103,129,149,60,89,60,143,144,142,133,138,131,74,131,143,145,126,68,133,138,140,145,144,103,129,149,72,60,
62,65,143,71,62,72,60,62,62,69,38,60,60,60,60,133,130,60,127,136,129,125,138,103,129,149,60,89,89,60,62,62,60,144,132,129,138,60,142,129,
144,145,142,138,60,130,125,136,143,129,72,60,62,62,60,129,138,128,38,60,60,60,60,38,60,60,60,60,136,139,127,125,136,60,143,145,127,127,129,143,
143,72,60,142,129,143,145,136,144,60,89,60,140,127,125,136,136,68,130,145,138,127,144,133,139,138,68,69,60,142,129,144,145,142,138,60,102,145,138,135,
133,129,74,127,132,129,127,135,123,135,129,149,68,127,136,129,125,138,103,129,149,69,60,129,138,128,69,38,60,60,60,60,133,130,60,143,145,127,127,129,
143,143,60,125,138,128,60,142,129,143,145,136,144,60,125,138,128,60,142,129,143,145,136,144,74,146,125,136,133,128,60,144,132,129,138,60,142,129,144,145,
142,138,60,144,142,145,129,72,60,127,136,129,125,138,103,129,149,60,129,138,128,38,60,60,60,60,142,129,144,145,142,138,60,130,125,136,143,129,72,60,
127,136,129,125,138,103,129,149,38,129,138,128,38,38,136,139,127,125,136,60,130,145,138,127,144,133,139,138,60,129,148,129,127,145,144,129,105,125,133,138,
100,145,126,68,69,38,60,60,60,60,73,73,60,112,132,133,143,60,138,139,147,60,128,149,138,125,137,133,127,125,136,136,149,60,136,139,125,128,143,60,
144,132,129,60,127,139,142,142,129,127,144,60,143,127,142,133,140,144,60,130,139,142,60,144,132,129,60,127,145,142,142,129,138,144,60,131,125,137,129,61,
38,60,60,60,60,136,139,125,128,143,144,142,133,138,131,68,131,125,137,129,86,100,144,144,140,99,129,144,68,143,127,142,133,140,144,112,139,104,139,125,
128,69,69,68,69,38,129,138,128,38,38,128,133,143,127,139,142,128,94,144,138,74,105,139,145,143,129,94,145,144,144,139,138,77,95,136,133,127,135,86,
95,139,138,138,129,127,144,68,130,145,138,127,144,133,139,138,68,69,38,60,60,60,60,133,130,60,143,129,144,127,136,133,140,126,139,125,142,128,60,144,
132,129,138,60,38,60,60,60,60,60,60,60,60,143,129,144,127,136,133,140,126,139,125,142,128,68,128,133,143,127,139,142,128,104,133,138,135,69,38,60,
60,60,60,60,60,60,60,128,133,143,127,139,142,128,94,144,138,74,112,129,148,144,60,89,60,62,95,139,140,133,129,128,60,96,133,143,127,139,142,128,
60,104,133,138,135,61,62,38,60,60,60,60,60,60,60,60,128,133,143,127,139,142,128,94,144,138,74,112,129,148,144,95,139,136,139,142,79,60,89,60,
95,139,136,139,142,79,74,130,142,139,137,110,99,94,68,77,76,76,72,60,78,81,81,72,60,77,76,76,69,38,60,60,60,60,129,136,143,129,60,38,
60,60,60,60,60,60,60,60,128,133,143,127,139,142,128,94,144,138,74,112,129,148,144,60,89,60,128,133,143,127,139,142,128,104,133,138,135,60,38,60,
60,60,60,129,138,128,38,60,60,60,60,144,125,143,135,74,128,129,136,125,149,68,78,72,60,130,145,138,127,144,133,139,138,68,69,60,38,60,60,60,
60,60,60,60,60,128,133,143,127,139,142,128,94,144,138,74,112,129,148,144,60,89,60,62,102,139,133,138,60,96,133,143,127,139,142,128,62,38,60,60,
60,60,60,60,60,60,128,133,143,127,139,142,128,94,144,138,74,112,129,148,144,95,139,136,139,142,79,60,89,60,95,139,136,139,142,79,74,130,142,139,
137,110,99,94,68,78,81,81,72,60,78,81,81,72,60,78,81,81,69,60,38,60,60,60,60,129,138,128,69,38,129,138,128,69,38,38,127,132,129,127,
135,94,144,138,74,105,139,145,143,129,94,145,144,144,139,138,77,95,136,133,127,135,86,95,139,138,138,129,127,144,68,130,145,138,127,144,133,139,138,68,
69,38,60,60,60,60,127,132,129,127,135,94,144,138,74,112,129,148,144,60,89,60,62,114,129,142,133,130,149,133,138,131,60,147,133,144,132,60,102,106,
103,133,129,74,74,74,62,38,60,60,60,60,127,132,129,127,135,94,144,138,74,94,125,127,135,131,142,139,145,138,128,95,139,136,139,142,79,60,89,60,
95,139,136,139,142,79,74,130,142,139,137,110,99,94,68,84,76,72,60,84,76,72,60,77,76,76,69,38,60,60,60,60,38,60,60,60,60,136,139,127,
125,136,60,133,143,114,125,136,133,128,72,60,129,148,144,142,125,127,144,129,128,103,129,149,60,89,60,146,129,142,133,130,149,115,133,144,132,102,106,103,
133,129,68,126,139,148,74,112,129,148,144,69,38,60,60,60,60,38,60,60,60,60,133,130,60,133,143,114,125,136,133,128,60,144,132,129,138,38,60,60,
60,60,60,60,60,60,127,145,142,142,129,138,144,111,129,144,144,133,138,131,143,74,103,129,149,60,89,60,129,148,144,142,125,127,144,129,128,103,129,149,
38,60,60,60,60,60,60,60,60,143,125,146,129,111,144,145,130,130,68,69,38,60,60,60,60,60,60,60,60,38,60,60,60,60,60,60,60,60,136,139,
127,125,136,60,128,106,125,137,129,60,89,60,137,129,74,96,133,143,140,136,125,149,106,125,137,129,60,139,142,60,137,129,74,106,125,137,129,38,60,60,
60,60,60,60,60,60,127,132,129,127,135,94,144,138,74,112,129,148,144,60,89,60,62,115,129,136,127,139,137,129,72,60,62,60,74,74,60,128,106,125,
137,129,60,74,74,60,62,61,62,38,60,60,60,60,60,60,60,60,127,132,129,127,135,94,144,138,74,94,125,127,135,131,142,139,145,138,128,95,139,136,
139,142,79,60,89,60,95,139,136,139,142,79,74,130,142,139,137,110,99,94,68,79,84,72,60,77,81,81,72,60,82,81,69,38,60,60,60,60,60,60,
60,60,144,125,143,135,74,147,125,133,144,68,77,74,81,69,38,60,60,60,60,60,60,60,60,38,60,60,60,60,60,60,60,60,73,73,60,111,129,144,
60,144,132,129,60,131,136,139,126,125,136,60,146,125,142,133,125,126,136,129,60,144,132,129,60,102,106,103,133,129,60,136,139,125,128,129,142,60,133,143,
60,136,139,139,135,133,138,131,60,130,139,142,61,38,60,60,60,60,60,60,60,60,131,129,144,131,129,138,146,68,69,74,111,95,110,101,108,112,123,103,
97,117,60,89,60,129,148,144,142,125,127,144,129,128,103,129,149,38,60,60,60,60,60,60,60,60,38,60,60,60,60,60,60,60,60,73,73,60,100,133,
128,129,60,125,138,128,60,128,129,143,144,142,139,149,60,144,132,129,60,113,101,38,60,60,60,60,60,60,60,60,136,139,127,125,136,60,130,133,60,89,
60,112,147,129,129,138,101,138,130,139,74,138,129,147,68,76,74,81,72,60,97,138,145,137,74,97,125,143,133,138,131,111,144,149,136,129,74,94,125,127,
135,72,60,97,138,145,137,74,97,125,143,133,138,131,96,133,142,129,127,144,133,139,138,74,101,138,69,38,60,60,60,60,60,60,60,60,136,139,127,125,
136,60,130,144,147,60,89,60,144,143,86,95,142,129,125,144,129,68,135,129,149,94,131,72,60,130,133,72,60,151,111,133,150,129,60,89,60,113,96,133,
137,78,74,138,129,147,68,76,72,60,76,72,60,76,72,60,76,69,72,60,94,125,127,135,131,142,139,145,138,128,112,142,125,138,143,140,125,142,129,138,
127,149,60,89,60,77,153,69,38,60,60,60,60,60,60,60,60,144,143,86,95,142,129,125,144,129,68,144,133,144,136,129,112,148,144,72,60,130,133,72,
60,151,112,129,148,144,112,142,125,138,143,140,125,142,129,138,127,149,60,89,60,77,153,69,86,108,136,125,149,68,69,38,60,60,60,60,60,60,60,60,
144,143,86,95,142,129,125,144,129,68,143,145,126,112,148,144,72,60,130,133,72,60,151,112,129,148,144,112,142,125,138,143,140,125,142,129,138,127,149,60,
89,60,77,153,69,86,108,136,125,149,68,69,38,60,60,60,60,60,60,60,60,144,143,86,95,142,129,125,144,129,68,126,139,148,72,60,130,133,72,60,
151,94,125,127,135,131,142,139,145,138,128,112,142,125,138,143,140,125,142,129,138,127,149,60,89,60,77,72,60,112,129,148,144,112,142,125,138,143,140,125,
142,129,138,127,149,60,89,60,77,153,69,86,108,136,125,149,68,69,38,60,60,60,60,60,60,60,60,144,143,86,95,142,129,125,144,129,68,127,132,129,
127,135,94,144,138,72,60,130,133,72,60,151,94,125,127,135,131,142,139,145,138,128,112,142,125,138,143,140,125,142,129,138,127,149,60,89,60,77,72,60,
112,129,148,144,112,142,125,138,143,140,125,142,129,138,127,149,60,89,60,77,153,69,86,108,136,125,149,68,69,38,60,60,60,60,60,60,60,60,144,143,
86,95,142,129,125,144,129,68,128,133,143,127,139,142,128,94,144,138,72,60,130,133,72,60,151,94,125,127,135,131,142,139,145,138,128,112,142,125,138,143,
140,125,142,129,138,127,149,60,89,60,77,72,60,112,129,148,144,112,142,125,138,143,140,125,142,129,138,127,149,60,89,60,77,153,69,86,108,136,125,149,
68,69,38,60,60,60,60,60,60,60,60,144,143,86,95,142,129,125,144,129,68,135,129,149,111,144,142,139,135,129,72,60,130,133,72,60,151,112,142,125,
138,143,140,125,142,129,138,127,149,60,89,60,77,153,69,86,108,136,125,149,68,69,38,60,60,60,60,60,60,60,60,144,143,86,95,142,129,125,144,129,
68,126,139,148,111,144,142,139,135,129,72,60,130,133,72,60,151,112,142,125,138,143,140,125,142,129,138,127,149,60,89,60,77,153,69,86,108,136,125,149,
68,69,38,60,60,60,60,60,60,60,60,130,144,147,86,108,136,125,149,68,69,38,60,60,60,60,60,60,60,60,130,144,147,74,95,139,137,140,136,129,
144,129,128,86,115,125,133,144,68,69,38,60,60,60,60,60,60,60,60,135,129,149,111,127,142,129,129,138,86,96,129,143,144,142,139,149,68,69,38,60,
60,60,60,60,60,60,60,38,60,60,60,60,60,60,60,60,73,73,60,98,133,138,125,136,136,149,72,60,136,139,125,128,60,144,132,129,60,139,126,130,
145,143,127,125,144,129,128,60,143,127,142,133,140,144,38,60,60,60,60,60,60,60,60,129,148,129,127,145,144,129,105,125,133,138,100,145,126,68,69,38,
60,60,60,60,129,136,143,129,38,60,60,60,60,60,60,60,60,127,132,129,127,135,94,144,138,74,112,129,148,144,60,89,60,62,101,138,146,125,136,133,
128,60,103,129,149,61,62,38,60,60,60,60,60,60,60,60,127,132,129,127,135,94,144,138,74,94,125,127,135,131,142,139,145,138,128,95,139,136,139,142,
79,60,89,60,95,139,136,139,142,79,74,130,142,139,137,110,99,94,68,78,76,76,72,60,81,76,72,60,81,76,69,38,60,60,60,60,60,60,60,60,
144,125,143,135,74,147,125,133,144,68,77,74,81,69,38,60,60,60,60,60,60,60,60,127,132,129,127,135,94,144,138,74,112,129,148,144,60,89,60,62,
114,129,142,133,130,149,60,103,129,149,62,38,60,60,60,60,60,60,60,60,127,132,129,127,135,94,144,138,74,94,125,127,135,131,142,139,145,138,128,95,
139,136,139,142,79,60,89,60,95,139,136,139,142,79,74,130,142,139,137,110,99,94,68,80,78,72,60,83,84,72,60,77,79,78,69,38,60,60,60,60,
129,138,128,38,129,138,128,69,38,38,73,73,60,111,144,125,142,144,60,144,132,129,60,127,132,129,127,135,60,125,145,144,139,137,125,144,133,127,125,136,
136,149,60,133,130,60,144,132,129,149,60,125,136,142,129,125,128,149,60,143,125,146,129,128,60,125,60,146,125,136,133,128,60,135,129,149,38,133,130,60,
127,145,142,142,129,138,144,111,129,144,144,133,138,131,143,74,103,129,149,60,125,138,128,60,127,145,142,142,129,138,144,111,129,144,144,133,138,131,143,74,
103,129,149,60,154,89,60,62,62,60,144,132,129,138,38,60,60,60,60,136,139,127,125,136,60,133,143,111,125,146,129,128,114,125,136,133,128,72,60,123,
60,89,60,146,129,142,133,130,149,115,133,144,132,102,106,103,133,129,68,127,145,142,142,129,138,144,111,129,144,144,133,138,131,143,74,103,129,149,69,38,
60,60,60,60,133,130,60,133,143,111,125,146,129,128,114,125,136,133,128,60,144,132,129,138,38,60,60,60,60,60,60,60,60,73,73,60,111,129,144,60,
144,132,129,60,146,125,142,133,125,126,136,129,60,130,139,142,60,102,106,103,133,129,60,125,138,128,60,126,149,140,125,143,143,60,144,132,129,60,113,101,
38,60,60,60,60,60,60,60,60,131,129,144,131,129,138,146,68,69,74,111,95,110,101,108,112,123,103,97,117,60,89,60,127,145,142,142,129,138,144,111,
129,144,144,133,138,131,143,74,103,129,149,38,60,60,60,60,60,60,60,60,135,129,149,111,127,142,129,129,138,86,96,129,143,144,142,139,149,68,69,38,
60,60,60,60,60,60,60,60,129,148,129,127,145,144,129,105,125,133,138,100,145,126,68,69,38,60,60,60,60,129,136,143,129,38,60,60,60,60,60,60,
60,60,135,129,149,111,127,142,129,129,138,74,108,125,142,129,138,144,60,89,60,137,149,99,145,133,38,60,60,60,60,129,138,128,38,129,136,143,129,38,
60,60,60,60,135,129,149,111,127,142,129,129,138,74,108,125,142,129,138,144,60,89,60,137,149,99,145,133,38,129,138,128,38,38,38,60,60,60,60
}
local IlIIllllIIIlIlIIlllI = {}
for IlIlllIlIlIIllIIIIlllllIlll = 1, #IlIIIIIlllIIIllllIlll do
    IlIIllllIIIlIlIIlllI[IlIlllIlIlIIllIIIIlllllIlll] = string.char(IlIIIIIlllIIIllllIlll[IlIlllIlIlIIllIIIIlllllIlll] - 28)
end

local IlIIIlIIlIlIlIllIlIlI = loadstring or load
if not IlIIIlIIlIlIlIllIlIlI then
    warn("❌ EXECUTOR ERROR: Your mobile executor blocks 'loadstring'. Obfuscated scripts will not work on this app.")
    return
end

local IlllllllIlIIlIlIIlIIllIlII, IllIIIlIIlIlIIlIIII = IlIIIlIIlIlIlIllIlIlI(table.concat(IlIIllllIIIlIlIIlllI))
if not IlllllllIlIIlIlIIlIIllIlII then
    warn("❌ OBFUSCATOR ERROR: Failed to decode. Reason: " .. tostring(IllIIIlIIlIlIIlIIII))
    return
end

print("✅ DECRYPTION SUCCESSFUL! Booting Syntax Hub...")
local IllllllIlllIIIIII, IllIIIlIIlIlIIlIIII = pcall(IlllllllIlIIlIlIIlIIllIlII)
if not IllllllIlllIIIIII then
    warn("❌ SCRIPT ERROR: Decryption worked perfectly, but YOUR script crashed! Reason: " .. tostring(IllIIIlIIlIlIIlIIII))
end
